2 13 2776 4244 4243 3003 759 4237 2464 3314 4227 4229 2387 4226 4225 
3 5 3251 1612 4180 4193 2746 
3 9 2776 2386 4241 1099 1860 1895 4234 1289 4225 
3 14 2839 4957 4956 2491 4958 2985 3294 4959 2763 2854 4134 4964 2918 1173 
3 18 3321 612 3861 2170 3888 3062 3224 11 1319 2932 3908 2661 1748 1781 3922 2731 2197 2101 
1 16 2839 2727 4955 4954 4072 3129 4091 4107 426 4135 4160 4170 2966 4179 1899 1173 
2 9 3138 3950 1631 2433 2136 3050 1120 2461 3850 
2 12 1048 2959 2276 4039 1402 4021 1913 618 1299 1205 2096 3119 
3 7 1402 3282 1344 3991 3985 1286 2992 
3 17 3848 1561 3859 2998 3886 1444 3908 3180 2107 3952 3965 3972 2992 2024 2885 4002 2347 
3 8 2101 2197 2843 3884 831 2560 3863 3859 
3 7 3888 3893 2744 2524 3920 3928 2908 
3 4 1235 2618 3838 2070 
3 20 1301 141 2406 3643 2504 3664 1239 2487 2178 3261 647 1642 3739 3091 3364 1604 2773 3777 2355 3810 
3 3 3777 3781 1473 
2 6 3810 3362 1867 2485 2588 2141 
3 12 2141 3830 1830 3149 3227 3305 3847 1730 3041 3827 2907 3810 
2 13 1675 3347 2711 2454 2771 3943 2146 839 3875 1796 3857 2325 692 
3 11 1809 1442 2522 2961 2785 2772 1069 1606 2945 2372 692 
3 5 2772 2931 2039 227 1851 
3 5 2987 2579 2982 2673 1955 
3 7 1473 3769 3765 2650 2651 3748 816 
3 4 3738 3723 3190 2879 
3 8 2178 3683 1375 1377 3687 3684 1282 3679 
3 4 2781 2917 3684 3687 
3 25 3643 1391 3111 194 1794 1104 1394 3621 3615 1936 3099 1813 1335 2706 2805 3580 2140 2999 3557 3114 1356 5181 501 3512 148 
3 13 1301 3625 572 1498 1811 237 6 1530 2294 359 3154 1422 2805 
3 4 972 2072 241 1975 
3 7 1975 2891 1022 1545 3181 3723 3190 
3 10 1809 3200 238 1832 3721 1502 3298 499 1230 1975 
3 11 1975 3661 2977 1075 2825 920 2640 1908 2482 544 1301 
3 5 1809 3248 2632 1976 680 
1 3 2961 596 2549 
3 6 2647 113 3634 3346 3622 1335 
1 2 1958 1498 
3 13 3114 2791 3183 1625 3562 2679 1520 3021 1243 1997 3570 2666 718 
3 24 3480 2090 2842 625 2345 2939 148 1404 95 2899 3518 1462 1648 3540 581 2253 3520 3511 2631 18 2964 2912 2758 2447 
2 4 3520 2489 3541 2581 
1 12 4184 915 2190 2868 1252 1509 1743 3673 1858 787 941 586 
2 3 2254 2792 3656 
2 2 4138 827 
3 3 920 437 3236 
1 6 915 815 963 1950 2743 2006 
2 13 1000 322 2937 457 3501 2148 542 389 3502 432 3536 1269 3559 
2 9 3274 479 454 3638 1136 3665 166 2470 2874 
3 14 496 2389 1063 870 976 858 3340 4950 4745 1434 1492 21 1628 1102 
2 3 1628 3453 4749 
2 18 1822 1682 1560 58 1671 2177 425 210 2905 2054 1063 3515 1007 3054 1273 1461 841 1668 
1 2 1888 1208 
1 4 322 1078 3323 804 
1 4 3275 3063 1956 2586 
1 7 454 3638 294 3633 85 1247 1348 
2 10 4785 1241 4786 4787 32 4789 2834 4790 3639 809 
2 9 3630 797 4795 3635 84 4805 4798 4799 4800 
2 4 4805 2304 4796 4790 
2 10 4805 1749 2322 4792 1651 2063 3313 1987 2562 4786 
3 7 612 3854 2546 3867 3866 642 11 
3 4 3867 2239 3856 3848 
3 3 2408 2375 1537 
3 7 2170 3887 2638 3900 3907 3918 3929 
2 8 2744 3903 3895 2638 3889 1787 3151 3379 
3 4 3848 1537 2033 1235 
2 6 2170 2787 3877 3870 3010 1886 
1 8 3315 3958 2938 3931 2906 2376 3090 3224 
2 7 3991 1005 2010 3366 4007 2154 4024 
2 11 2101 2197 2731 3922 2819 3945 3955 2273 3969 2329 1286 
3 3 1561 1166 3322 
2 5 2560 3873 3885 2186 2661 
3 2 3780 1235 
3 8 11 3882 3265 2998 2560 831 3139 3879 
1 8 4225 4226 2752 4233 3207 2568 1691 4237 
1 5 4225 4223 4221 4214 4213 
1 11 1790 4213 1683 2553 4185 1970 2221 3176 248 3377 4169 
3 5 1970 1477 3067 3377 4169 
3 3 4169 799 2258 
3 5 4169 1510 4187 2062 4206 
2 2 4206 4205 
3 2 2062 4204 
3 11 4169 4157 1700 2243 2286 4108 2435 2074 1410 4086 1675 
3 4 4169 4149 4127 1859 
2 14 4150 2395 3185 4083 3211 2897 2238 2257 4013 1098 3197 2317 3971 3966 
2 17 4169 1396 4150 3176 2221 2169 4151 2759 4159 2870 2492 4162 4165 2217 1066 2016 394 
1 2 4187 3377 
1 2 4143 2286 
1 4 2286 2694 344 4050 
1 9 4083 1567 1859 4066 446 1866 2160 1535 3138 
1 7 4083 1898 2204 1670 439 1429 2987 
1 17 3217 4200 4185 1970 3029 2081 2759 3326 4100 1540 2230 1824 3382 3197 2317 3968 2202 
3 13 1790 2055 4210 1397 4207 4208 2583 2418 2053 4190 4182 2016 394 
2 17 1790 2055 4210 1397 4207 4208 2583 2418 3116 4202 4196 2530 4183 2875 2027 3251 394 
3 16 394 2016 1066 4144 4139 2835 4118 2737 1540 724 2257 2204 3999 4012 2513 2160 
3 51 4291 2877 4177 4172 1352 3251 394 4146 1645 3249 4081 2794 3383 1918 4020 3170 2009 3975 3966 1966 1264 3924 1657 2371 2125 1836 2903 1925 3852 3846 2141 1435 208 2095 447 2128 3350 3748 816 2879 3710 1507 3689 2071 3134 972 2471 1262 1199 3632 1301 
1 5 394 4156 1352 4172 4177 
3 10 4156 4152 3276 2144 3284 4167 964 4168 2913 2251 
3 8 4085 1421 4103 4096 4092 1669 2495 2815 
2 2 2251 2815 
2 41 4177 4178 3089 1398 4167 964 2561 2029 4136 2495 2815 4126 3205 4116 3146 360 1048 4061 1064 2627 1905 4024 4031 4025 2347 2910 3169 3315 1231 3967 2367 2229 2908 3929 2722 3909 1618 3379 3874 1886 3319 
1 3 3276 2849 3089 
1 2 2724 4193 
1 6 4092 4088 1823 1598 4042 1402 
3 3 1402 348 4033 
3 9 1048 4061 1064 2627 1905 4024 4031 4025 2347 
1 4 3282 3182 1872 1048 
1 5 1905 4032 3291 3281 1344 
1 3 3291 2205 3182 
2 4 4007 3035 4002 2347 
1 6 1286 3964 2519 3935 3926 1781 
1 9 1344 3995 2757 3989 3976 2916 729 3979 2602 
1 5 2273 3977 2757 935 1913 
3 4 3321 3370 2193 3319 
3 5 3370 3858 3010 3151 3379 
3 4 3321 3840 3828 3285 
3 4 2070 2026 3300 3828 
1 2 3841 3828 
3 9 2957 3802 2634 2671 3216 3821 3300 3815 3285 
2 2 3815 3310 
2 6 3310 3216 2671 2460 650 2957 
3 7 3321 2026 2070 3343 2460 650 2957 
3 11 3802 2957 2941 3068 984 57 3761 2790 1415 3741 3091 
3 4 3761 2790 2005 1931 
3 7 3761 2610 2121 3787 3791 2944 3804 
2 2 3804 3800 
1 7 3800 3264 3795 1705 3791 1300 1514 
2 5 2610 1154 3744 2005 1931 
3 8 1632 1412 1680 647 2203 1919 3328 167 
2 6 1931 167 1446 3706 2559 3700 
3 9 3700 2425 3679 3685 3680 1686 1263 2599 2781 
3 4 3687 2799 2559 3700 
3 3 2178 3683 1636 
3 5 2178 770 3331 2059 2879 
1 6 1375 1986 2381 5185 5183 2487 
1 5 3261 1636 5186 2930 167 
1 4 1919 2930 2147 2799 
1 4 1919 3740 1415 2790 
3 11 3924 3948 2889 2700 3934 3102 3933 1516 1053 3289 2101 
3 21 3276 1428 4130 4123 4117 4102 4085 1964 2617 2268 2358 1789 3119 2602 3973 2569 1637 1516 1773 3289 2101 
1 4 2358 3008 4051 3383 
1 6 3973 3022 2821 2630 1802 3966 
1 7 1836 2125 478 3905 1862 1053 1516 
3 6 1657 3069 3375 3871 2669 1955 
3 14 3138 1535 2321 3273 846 1649 2526 2987 118 2704 3937 2749 1264 3924 
1 5 2202 2704 2863 1270 2987 
2 7 2987 2576 2046 3959 2202 1615 2749 
2 3 3966 3960 1615 
1 4 2749 3937 3921 3069 
2 2 1649 1771 
2 5 1955 3301 3872 3189 372 
1 4 1771 2001 1785 372 
3 4 372 1383 3050 2761 
3 8 1535 927 1885 4003 4016 1664 80 1675 
3 3 4016 2064 4050 
3 3 1885 475 2703 
1 4 80 2620 1020 2703 
1 7 2703 1972 1791 2540 3916 1257 1151 
3 11 3138 16 103 1454 2330 1151 1257 1796 3857 2325 692 
3 5 1151 3344 3881 1776 3850 
3 5 692 3844 3864 3115 3344 
3 6 3850 1776 3864 1733 2325 692 
3 2 3115 1151 
3 4 4086 2310 3082 4161 
2 2 1675 1433 
1 7 1433 2143 3330 2179 4163 2111 347 
1 3 1433 2310 3082 
2 5 1675 3347 551 1339 1363 
1 4 1363 2798 69 2972 
1 3 1363 1086 3005 
3 3 3837 2901 2039 
2 7 692 3829 3297 3837 2901 1317 1851 
2 3 3850 1201 3837 
2 2 3297 1201 
2 4 2772 1069 1297 3837 
2 4 692 3818 1877 1981 
2 4 692 2325 1559 1525 
3 6 3322 3836 2408 700 3780 2957 
1 3 2907 2290 1826 
3 4 1826 2755 3163 3810 
2 6 3810 3163 2571 3803 4049 2941 
3 5 2773 2809 2323 3797 2941 
1 7 2095 3228 476 3807 1867 3362 3810 
1 6 1473 3781 509 1604 3364 3091 
1 3 1363 1399 1766 
1 4 3850 1038 1317 1851 
1 10 1851 2537 2549 3782 320 2909 374 3059 1565 3240 
1 7 2772 1775 3384 3737 441 3708 2779 
1 5 2772 2785 3771 1741 880 
3 9 1809 3248 1482 880 2734 679 441 3708 2779 
1 3 880 2734 2710 
1 2 679 2710 
1 3 3248 3722 2710 
3 20 3248 3722 1387 1934 2124 3671 1992 474 3656 1089 3654 4138 3627 3616 2049 108 3013 2644 2341 3603 
1 4 2710 160 2859 586 
3 10 474 1992 586 941 787 3692 2779 277 1858 3673 
2 24 2779 277 2690 3691 1990 2422 1252 2868 2190 915 4184 2988 844 3274 1770 185 2995 1973 2866 2244 608 2444 145 3559 
1 20 1990 930 2407 1588 2503 308 2874 1024 3699 1779 3714 2150 1579 1155 851 955 2041 3819 1304 1480 
1 8 2287 795 758 1480 1439 2726 197 3849 
1 11 3699 3698 1903 1873 1508 742 2278 1348 3653 1328 1040 
1 28 1040 3341 745 595 1884 539 2357 500 1382 2385 969 1926 1777 1810 1158 2100 1888 48 850 624 546 2240 3609 33 3600 676 3592 942 
1 4 1040 1801 855 942 
1 5 145 643 1062 3595 942 
1 7 3559 1568 859 165 1000 3531 1805 
1 3 3531 421 1536 
1 10 432 956 911 3545 2691 609 2730 3143 151 2995 
1 18 1194 2995 151 3143 2515 666 3589 2228 1103 2006 1145 46 1977 3599 1783 1984 2049 108 
1 3 2085 3230 4138 
3 3 1809 1684 3782 
3 17 1809 3200 238 1832 2132 3738 3052 816 3734 1632 1336 3364 3091 3741 731 3740 1931 
1 13 1809 3200 238 1976 680 1724 2580 1928 1374 620 1641 1453 3603 
1 8 1975 102 2510 111 2580 1724 2303 3302 
1 4 3302 2124 2971 586 
1 4 3302 433 3672 3671 
1 5 4138 3038 2712 15 1641 
1 4 2303 3017 1350 2712 
1 2 1350 15 
1 10 1809 3200 3004 2837 2689 1933 1225 3105 410 2095 
1 2 1933 2132 
3 9 1809 3200 3004 3229 2909 374 3059 1565 3240 
3 11 3850 2461 1120 2847 1723 2227 732 961 324 3031 3240 
2 12 3850 2461 1120 3050 1383 2174 1222 1713 3056 3071 899 3835 
2 8 3050 1383 2174 2648 874 3071 899 3835 
1 16 1657 3069 3375 3871 2405 899 3835 2267 3031 3240 3790 1225 3762 554 3738 1817 
3 7 3851 3842 2267 1035 3917 2260 2141 
3 10 3835 2267 3031 3240 3793 1225 1112 3760 3748 816 
3 5 2141 3846 3736 3853 1060 
2 3 2101 3204 1060 
1 4 2588 476 3798 1473 
3 5 1435 2011 3805 192 3240 
1 2 1435 2141 
2 7 3835 2300 3851 739 2117 3023 2141 
1 8 554 395 3748 3350 2650 3765 3769 1473 
1 4 3362 3799 2315 1473 
1 3 3190 3052 816 
1 5 920 2640 607 1696 544 
1 8 2977 3646 822 1868 1563 1199 3632 1301 
1 8 1075 1738 568 111 1125 3378 1646 3298 
1 4 1975 102 1107 568 
2 6 1641 2075 1130 3012 3624 1113 
1 4 920 2825 2109 3624 
2 3 3603 3611 1113 
3 6 1113 3602 3236 1751 1908 2482 
1 5 3236 856 2339 3168 496 
1 9 1545 3693 1507 3331 770 3261 1440 2930 167 
1 12 2178 770 2613 2378 3689 1464 2681 1545 3181 2564 1626 3298 
3 5 972 2497 3674 2487 2178 
3 4 3643 4951 3625 1301 
3 4 1301 3625 1361 3111 
1 11 3664 2265 2471 3650 822 1204 2977 2592 568 23 1374 
1 7 2482 1587 3147 572 1995 3629 3111 
3 4 1473 2622 3745 1336 
1 3 2381 3664 2504 
1 6 2497 3233 2265 2639 3632 1301 
2 5 1262 1667 2639 2406 3643 
3 3 1936 2294 1530 
3 3 416 1660 6 
1 4 6 3312 258 3615 
1 2 1104 3629 
1 6 1498 3593 2014 1499 3584 416 
3 2 1813 3622 
3 5 2805 951 3178 2361 3630 
2 7 2647 113 3634 383 250 2361 3630 
3 14 2805 1325 833 1897 3605 639 64 2621 1735 3588 3334 2118 3572 1520 
1 3 383 2149 1335 
1 6 3178 3612 2119 3605 639 64 
1 3 951 3058 2119 
3 4 1757 438 1768 1422 
1 4 1757 1695 747 2999 
1 7 2999 3557 2050 1405 3587 64 3604 
1 9 2805 1325 833 1897 806 1405 3583 2822 3588 
1 5 3183 3179 1481 1708 1405 
1 2 1481 2181 
1 5 5181 3532 1054 2797 1625 
1 5 3183 1054 3522 2199 148 
2 9 2447 2994 3500 2134 1178 1954 95 1404 148 
1 6 2666 2861 1457 621 737 3540 
1 2 1648 451 
2 4 3540 3213 3541 1094 
1 4 3520 1124 3517 534 
1 10 1144 3475 507 3482 775 710 2964 2912 2758 2447 
1 2 2964 2616 
1 3 2447 3486 1786 
1 8 3053 1292 2475 1109 3496 1111 2994 2447 
1 4 1111 3484 861 3467 
1 8 1757 3095 191 1957 888 2298 594 2842 
1 11 2999 747 2538 1957 3125 1974 3505 1655 3498 2090 3480 
1 13 3480 2591 3292 1278 4952 3436 3429 1910 2884 714 3416 1497 1504 
1 3 2884 3259 940 
1 4 2591 1370 3226 5180 
1 4 1329 2533 3469 2591 
1 8 148 3053 1037 315 1329 2311 1287 3441 
1 7 4952 2162 1186 3442 1681 3431 1376 
1 5 205 2895 3431 1938 2683 
1 14 3042 755 2241 981 2680 2115 2683 892 2212 683 2826 3471 1624 3480 
2 8 3114 2377 5182 1538 888 3505 2699 2277 
1 5 2411 186 2218 1959 2277 
1 6 2680 3458 1608 600 2965 2218 
1 2 2212 565 
1 6 2411 1745 2525 3507 3072 1283 
1 7 2411 2536 3526 2575 2087 3548 1757 
1 18 1757 3556 1914 3268 1216 505 3561 1331 3564 1041 1750 123 667 3353 424 2687 626 856 
1 15 496 477 1591 2979 3547 761 1116 2840 3527 1148 1656 2481 3145 2093 2411 
1 2 1656 3507 
1 3 3168 3560 1591 
1 3 3603 2114 193 
1 7 3603 3598 2401 723 2896 2054 1063 
1 2 3598 2341 
1 7 2006 2743 1950 2604 1574 2988 4184 
1 6 416 2380 3561 1800 2783 2481 
1 4 1568 4953 677 1269 
2 5 2119 435 1840 4793 4795 
2 2 748 1749 
2 3 4798 3131 4806 
2 3 3659 4806 809 
1 5 84 4797 4804 4802 4798 
1 3 4798 4801 991 
1 2 4801 4803 
2 18 4822 1423 4811 4812 1039 2993 4815 547 656 4817 4821 1320 3157 4820 535 4819 852 4812 
2 3 1039 4814 4817 
1 2 4815 656 
1 2 1423 4807 
2 7 4820 1920 2235 4808 2153 4809 1423 
1 4 4809 4810 1901 535 
1 5 4811 3686 4810 2153 4808 
1 3 4810 4818 4819 
1 2 1320 535 
