1 11 
1 64 
1 80 
1 103 
1 108 
1 145 
1 148 
1 160 
1 167 
1 214 
1 238 
1 241 
1 305 
1 308 

1 322 
1 324 
1 359 
1 374 
1 390 
1 394 
1 395 
1 416 
1 421 
1 437 
1 447 
1 454 
1 474 
1 496 
1 542 
1 562 
1 586 
1 600 
1 618 
1 624 
1 677 
1 679 
1 680 
1 692 
1 700 
1 703 
1 739 
1 770 
1 787 
1 799 
1 804 

1 816 
1 833 

1 861 
1 874 
1 880 
1 915 
1 920 
1 930 
1 942 
1 951 
1 964 
1 972 
1 1000 
1 1038 

1 1040 
1 1048 
1 1060 

1 1075 
1 1104 
1 1113 
1 1116 
1 1151 
1 1173 
1 1208 
1 1225 
1 1231 
1 1235 
1 1252 
1 1255 
1 1262 
1 1264 
1 1301 
1 1335 
1 1336 
1 1348 
1 1352 
1 1363 
1 1375 
1 1387 
1 1397 
1 1399 
1 1402 
1 1412 
1 1415 


1 1433 

1 1435 
1 1473 
1 1480 
1 1498 
1 1504 
1 1507 
1 1516 
1 1525 
1 1530 
1 1536 
1 1540 
1 1545 
1 1561 
1 1568 
1 1604 
1 1612 
1 1618 

1 1631 
1 1641 
1 1642 
1 1645 
1 1657 

1 1675 
1 1680 
1 1723 
1 1735 
1 1743 
1 1757 
1 1766 
1 1771 
1 1775 
1 1781 
1 1786 
1 1789 
1 1790 
1 1809 
1 1817 

1 1830 
1 1836 
1 1851 
1 1859 
1 1885 
1 1888 
1 1905 
1 1919 
1 1926 
1 1928 
1 1929 
1 1931 
1 1936 
1 1955 
1 1956 
1 1970 
1 1973 
1 1975 
1 1986 
1 1990 
1 1992 
1 2011 
1 2016 
1 2039 
1 2050 
1 2062 
1 2070 
1 2071 
1 2095 
1 2101 
1 2111 
1 2117 
1 2132 
1 2141 
1 2142 
1 2146 
1 2160 
1 2178 
1 2202 
1 2217 
1 2240 
1 2251 
1 2254 
1 2257 
1 2267 
1 2269 
1 2277 
1 2286 
1 2287 
1 2317 
1 2319 
1 2321 
1 2323 
1 2325 
1 2346 
1 2347 
1 2372 
1 2381 
1 2383 
1 2406 
1 2411 
1 2435 
1 2447 
1 2454 
1 2467 
1 2482 
1 2487 
1 2491 
1 2495 
1 2497 
1 2510 
1 2540 
1 2560 
1 2569 
1 2599 
1 2610 
1 2622 
1 2631 
1 2647 
1 2650 
1 2671 
1 2680 
1 2703 
1 2706 
1 2710 
1 2711 
1 2724 
1 2743 
1 2744 
1 2749 
1 2759 
1 2772 
1 2773 
1 2779 
1 2781 
1 2792 
1 2805 
1 2815 
1 2839 
1 2842 
1 2869 
1 2875 
1 2879 
1 2891 
1 2918 
1 2945 
1 2957 
1 2961 
1 2964 
1 2972 
1 2982 
1 2987 
1 2988 
1 2999 
1 3004 
1 3005 
1 3041 
1 3042 
1 3050 
1 3053 
1 3068 
1 3069 
1 3082 
1 3091 
1 3102 
1 3111 
1 3114 
1 3115 
1 3138 
1 3170 
1 3176 
1 3181 
1 3183 
1 3185 
1 3190 
1 3207 
1 3216 
1 3217 
1 3236 
1 3240 
1 3248 
1 3261 
1 3275 
1 3276 
1 3285 
1 3294 
1 3297 
1 3298 
1 3315 
1 3319 
1 3321 
1 3322 
1 3331 
1 3344 
1 3350 
1 3362 
1 3364 
1 3370 
1 3383 
1 3431 
1 3441 
1 3471 
1 3480 
1 3505 
1 3520 
1 3540 
1 3559 
1 3570 
1 3580 
1 3600 
1 3603 
1 3615 
1 3622 
1 3630 
1 3643 
1 3661 
1 3664 
1 3673 
1 3687 
1 3689 
1 3691 
1 3699 
1 3700 
1 3708 
1 3721 
1 3734 
1 3736 
1 3738 
1 3748 
1 3761 
1 3777 
1 3780 
1 3782 
1 3787 
1 3802 
1 3804 
1 3810 
1 3819 
1 3821 
1 3835 
1 3836 
1 3837 
1 3840 
1 3844 
1 3849 
1 3850 
1 3851 
1 3852 
1 3853 
1 3857 
1 3864 
1 3871 
1 3888 
1 3908 
1 3917 
1 3922 
1 3929 
1 3948 
1 3952 
1 3966 
1 3991 
1 4050 
1 4061 
1 4083 
1 4092 
1 4107 
1 4123 
1 4138 
1 4162 
1 4163 
1 4169 
1 4170 
1 4177 
1 4179 
1 4184 
1 4193 
1 4205 
1 4225 
1 4244 

1 4282 
1 4291 








1 4952 
1 4954 
1 4957 
1 4958 
1 4959 
1 5182 
1 2632
1 4964
1 2854
1 2985
1 4960
