1;1228.00;10.00;787.00;small
1;1452.00;10.00;787.00;small
2;1492.00;10.00;963.00;small
2;1452.00;10.40;819.00;small
2;1644.00;10.00;947.00;small
3;1308.00;11.90;1003.00;small
3;1452.00;10.00;1011.00;small
3;1652.00;10.00;1011.00;small
4;1252.00;12.10;995.00;small
4;1276.00;10.00;859.00;small
4;1412.00;10.10;843.00;small
5;1004.00;13.00;787.00;small
5;1228.00;10.80;947.00;small
5;1228.00;10.60;835.00;small
6;1084.00;12.10;1003.00;small
6;1228.00;10.00;1011.00;small
7;1324.00;12.20;1027.00;small
7;1452.00;10.00;1235.00;small
7;1460.00;10.00;1019.00;small
7;1668.00;10.00;1203.00;small
8;1476.00;10.20;1523.00;small
8;1676.00;10.00;1683.00;small
8;1676.00;10.00;1459.00;small
8;1660.00;10.00;1259.00;small
8;1820.00;10.00;1611.00;small
8;1900.00;10.00;1459.00;small
9;780.00;15.90;1251.00;small
9;1004.00;11.00;1363.00;small
9;1004.00;16.90;1235.00;small
9;1228.00;11.70;1355.00;small
9;1228.00;12.30;1235.00;small
9;1468.00;11.60;1451.00;small
9;1444.00;11.60;1275.00;small
10;1076.00;16.20;1187.00;small
10;1044.00;17.90;1083.00;small
10;1220.00;12.10;1219.00;small
10;1428.00;11.70;1267.00;small
11;1252.00;12.70;1147.00;small
11;1228.00;11.00;1051.00;small
12;388.00;22.40;1139.00;small
12;340.00;21.60;1019.00;small
12;580.00;22.90;1171.00;small
12;556.00;21.80;1011.00;small
12;596.00;10.00;867.00;small
12;780.00;16.00;1235.00;small
12;780.00;22.30;1011.00;small
12;788.00;10.00;883.00;small
12;1004.00;18.70;1227.00;small
12;1004.00;20.00;1011.00;small
12;1004.00;14.40;819.00;small
13;180.00;22.40;1259.00;small
13;372.00;17.50;1435.00;small
13;332.00;11.80;1235.00;small
13;556.00;10.00;1459.00;small
13;556.00;11.60;1235.00;small
13;780.00;11.90;1435.00;small
13;748.00;15.40;1259.00;small
14;628.00;15.20;1547.00;small
14;764.00;10.60;1611.00;small
14;780.00;13.30;1459.00;small
14;988.00;15.00;1643.00;small
14;1004.00;13.00;1459.00;small
14;1196.00;10.60;1595.00;small
14;1228.00;11.80;1459.00;small
14;1436.00;11.00;1595.00;small
14;1452.00;11.90;1459.00;small
15;108.00;10.00;1723.00;small
15;332.00;10.00;1683.00;small
15;556.00;10.00;1683.00;small
15;780.00;10.50;1683.00;small
15;1004.00;12.50;1683.00;small
15;1228.00;9.90;1683.00;small
15;1452.00;11.00;1683.00;small
15;1652.00;10.00;1699.00;small
16;1676.00;10.00;1699.00;small
16;1900.00;10.00;1683.00;small
16;1940.00;10.00;1435.00;small
16;2124.00;10.00;1683.00;small
16;2124.00;10.00;1459.00;small
17;1748.00;10.00;1235.00;small
17;1868.00;10.00;1219.00;small
18;1644.00;10.00;795.00;small
19;1260.00;10.00;627.00;small
20;2308.00;10.00;1675.00;small
20;2316.00;10.00;1483.00;small
21;1916.00;10.00;1019.00;small
21;2156.00;10.00;1227.00;small
21;2084.00;10.00;1091.00;small
21;2364.00;10.00;1411.00;small
21;2268.00;10.00;1267.00;small
22;788.00;12.30;787.00;small
22;812.00;10.00;563.00;small
22;964.00;13.80;763.00;small
22;1004.00;10.00;563.00;small
22;980.00;10.00;339.00;small
22;1188.00;10.00;755.00;small
22;1228.00;10.00;555.00;small
22;1188.00;10.00;363.00;small
23;996.00;10.00;259.00;small
23;1028.00;10.00;147.00;small
23;1284.00;10.00;115.00;small
23;1508.00;10.00;275.00;small
23;1436.00;11.50;123.00;small
24;860.00;10.00;195.00;small
24;1004.00;10.00;115.00;small
24;1260.00;10.00;99.00;small
24;1452.00;11.00;115.00;small
24;1668.00;10.00;91.00;small
24;1948.00;10.00;35.00;small
25;1668.00;10.00;571.00;small
25;1684.00;10.00;347.00;small
26;172.00;10.00;971.00;small
26;108.00;10.00;787.00;small
26;172.00;10.00;563.00;small
26;332.00;18.30;1011.00;small
26;332.00;10.00;787.00;small
26;332.00;10.00;563.00;small
26;332.00;10.00;347.00;small
26;556.00;10.00;787.00;small
26;500.00;10.00;627.00;small
26;828.00;10.00;907.00;small
26;780.00;10.90;787.00;small
27;132.00;25.50;1179.00;small
27;108.00;10.00;1011.00;small
27;92.00;10.00;803.00;small
27;300.00;23.60;1147.00;small
28;100.00;16.50;1235.00;small
28;44.00;12.50;1043.00;small
29;108.00;10.00;1683.00;small
29;108.00;10.00;1459.00;small
29;108.00;17.30;1235.00;small
29;324.00;10.00;1675.00;small
29;332.00;10.00;1459.00;small
29;316.00;16.10;1323.00;small
29;516.00;13.70;1595.00;small
29;540.00;13.10;1507.00;small
30;1236.00;9.90;1003.00;small
31;1380.00;9.90;971.00;small
32;1444.00;9.90;987.00;small
33;1588.00;9.90;1043.00;small
34;1076.00;9.90;267.00;small
34;1092.00;9.90;147.00;small
34;1236.00;9.90;723.00;small
34;1228.00;9.90;563.00;small
34;1228.00;9.90;339.00;small
34;1228.00;9.90;115.00;small
34;1452.00;9.90;755.00;small
34;1452.00;9.90;563.00;small
34;1452.00;9.90;339.00;small
34;1396.00;9.90;179.00;small
34;1628.00;9.90;731.00;small
34;1660.00;9.90;627.00;small
34;1628.00;9.90;435.00;small
35;1508.00;9.90;779.00;small
35;1676.00;9.90;1011.00;small
35;1676.00;9.90;787.00;small
35;1900.00;9.90;1011.00;small
35;1828.00;9.90;867.00;small
36;1676.00;9.90;1235.00;small
36;1668.00;9.90;1043.00;small
37;1644.00;9.90;1235.00;small
38;1956.00;9.90;1379.00;small
38;1900.00;9.90;1235.00;small
38;2132.00;9.90;1459.00;small
38;2124.00;9.90;1235.00;small
38;2260.00;9.90;1683.00;small
38;2268.00;9.90;1459.00;small
39;1964.00;9.90;1067.00;small
40;2140.00;9.90;1707.00;small
40;2348.00;9.90;1683.00;small
40;2348.00;9.90;1459.00;small
40;2532.00;9.90;1683.00;small
40;2532.00;9.90;1483.00;small
41;1692.00;9.90;779.00;small
41;1732.00;9.90;651.00;small
41;1948.00;9.90;1011.00;small
41;1900.00;9.90;787.00;small
41;1900.00;9.90;611.00;small
41;2108.00;9.90;1131.00;small
41;2124.00;9.90;1011.00;small
41;2124.00;9.90;787.00;small
41;2124.00;9.90;627.00;small
41;2380.00;9.90;1403.00;small
41;2348.00;9.90;1235.00;small
41;2348.00;9.90;1011.00;small
41;2348.00;9.90;787.00;small
41;2348.00;9.90;635.00;small
41;2532.00;9.90;1459.00;small
41;2532.00;9.90;1235.00;small
41;2532.00;9.90;1011.00;small
41;2532.00;9.90;787.00;small
41;2532.00;9.90;651.00;small
42;1676.00;9.90;563.00;small
42;1772.00;9.90;355.00;small
42;1676.00;9.90;75.00;small
42;1900.00;9.90;563.00;small
42;1900.00;9.90;339.00;small
42;1900.00;9.90;115.00;small
42;2124.00;9.90;563.00;small
42;2124.00;9.90;339.00;small
42;2124.00;9.90;115.00;small
42;2348.00;9.90;563.00;small
42;2348.00;9.90;339.00;small
42;2348.00;9.90;115.00;small
42;2532.00;9.90;563.00;small
42;2532.00;9.90;339.00;small
42;2532.00;9.90;115.00;small
43;1508.00;9.90;315.00;small
43;1532.00;9.90;123.00;small
43;1676.00;9.90;483.00;small
43;1676.00;9.90;339.00;small
43;1676.00;9.90;115.00;small
44;1524.00;9.90;75.00;small
45;1004.00;9.90;339.00;small
46;948.00;9.90;307.00;small
46;1004.00;9.90;131.00;small
47;380.00;9.90;539.00;small
47;332.00;9.90;339.00;small
47;588.00;9.90;715.00;small
47;556.00;9.90;563.00;small
47;556.00;9.90;339.00;small
47;724.00;9.90;755.00;small
47;780.00;9.90;563.00;small
47;780.00;9.90;339.00;small
47;916.00;9.90;523.00;small
47;932.00;9.90;347.00;small
48;76.00;9.90;763.00;small
48;108.00;9.90;563.00;small
48;108.00;9.90;339.00;small
48;108.00;9.90;115.00;small
48;292.00;9.90;307.00;small
48;332.00;9.90;115.00;small
48;556.00;9.90;243.00;small
48;556.00;9.90;115.00;small
48;780.00;9.90;243.00;small
48;780.00;9.90;115.00;small
48;948.00;9.90;99.00;small
49;2556.00;9.90;1683.00;small
